229525
201516
214512
223020
222516
212520
174012
184512
294516
371513
354521
312020
393521
385018
425025
341015
312019
200019
322520
380016
309015
251024
246021
169025
163513
207007
180519
222524
268016
290508
141518
198517
222015
226520
220525
206511
245525
138018
128026
225527
245512
237009
178521
170527
164519
258516
109512
139512
229008
221016
208013
212009
274011
171024
170527
200529
324506
258521
285022
217012
229525
168032
268029
195513
127020
123520
139023
265521
273018
233025
170018
149028
178507
270014
140526
179017
209515
187520
235011
216515
188029
231523
209515
286524
272523
253518
364029
298018
265522
219012
147024
129528
247512
247512
282527
279510
281534
313012
146011
142524
222511
238014
230021
137521
183523
240522
278021
222015
196023
171520
249521
209019
245029
178521
234018
240013
213015
283023
222014
173518
145019
154527
269022
206511
263510
149015
200019
186031
223021
246021
202514
275513
284526
226521
279523
225018
228519
238027
275514
239021
178507
195017
254014
255020
202018
248503
231523
200529
210011
334537
188526
202018
329521
229525
148519
229015
202514
182008
136516
244506
312515
279523
279523
272026
281521
248019
317022
234514
170018
130025
280516
255020
395533
344006
399034
124526
208013
201516
214512
223020
222516
212520
174012
184512
294516
149511
199013
134517
158015
371513
354521
312020
393521
385018
425025
341015
312019
200019
322520
380016
309015
251024
246021
169025
163513
207007
180519
222524
268016
290508
141518
198517
222015
