1
3312776 
8976541 
2
3040544 
8576672 
3
3040544 
8576672 
4
3040544 
8320544 
5
3040544 
8256416 
6
3040544 
6848672 
7
2640416 
6320672 
8
2640416 
6208544 
9
2640416 
6208544 
10
2640416 
6208544 
11
2640416 
6208544 
12
2640416 
6208544 
13
2640416 
6208544 
14
2640416 
6208544 
15
2640416 
6208544 
16
2640416 
6208544 
17
2640416 
6208544 
18
2640416 
6208544 
19
2640416 
6208544 
20
2640416 
6208544 
21
2640416 
6208544 
22
2640416 
6208544 
23
2640416 
6208544 
24
2640416 
6208544 
25
2560449 
5360776 
26
2560449 
5360776 
27
2192645 
5360776 
28
2192645 
5360776 
29
2192645 
5360776 
30
2192645 
5360776 
31
2064750 
5360776 
32
2064750 
5360776 
33
2064750 
5360776 
34
2064750 
5360776 
35
2064750 
5360776 
36
2064750 
5360776 
37
2064750 
5360776 
38
1904672 
5360776 
39
1904672 
5360776 
40
1904672 
5360776 
41
1904672 
5360776 
42
1904672 
5360776 
43
1904672 
5360776 
44
1904672 
5360776 
45
1904672 
5360776 
46
1904672 
5360776 
47
1680416 
3968672 
48
1680416 
3968672 
49
1680416 
3968672 
50
1680416 
3968672 
51
1680416 
3968672 
52
1680416 
3968672 
53
1680416 
3968672 
54
1680416 
3968672 
55
1680416 
3968672 
56
1680416 
3968672 
57
1680416 
3968672 
58
1680416 
3968672 
59
1680416 
3968672 
60
1680416 
3968672 
61
1680416 
3968672 
62
1680416 
3968672 
63
1680416 
3968672 
64
1680416 
3968672 
65
1680416 
3968672 
66
1680416 
3968672 
67
1680416 
3968672 
68
1680416 
3968672 
69
1680416 
3968672 
70
1680416 
3968672 
71
1680416 
3968672 
72
1680416 
3968672 
73
1680416 
3968672 
74
1680416 
3968672 
75
1680416 
3968672 
76
1680416 
3968672 
77
1680416 
3968672 
78
1680416 
3968672 
79
1680416 
3968672 
80
1680416 
3968672 
81
1680416 
3968672 
82
1680416 
3968672 
83
1680416 
3968672 
84
1680416 
3968672 
85
1680416 
3968672 
86
1680416 
3968672 
87
1680416 
3968672 
88
1680416 
3968672 
89
1680416 
3968672 
90
1680416 
3968672 
91
1680416 
3968672 
92
1680416 
3968672 
93
1680416 
3968672 
94
1680416 
3968672 
95
1680416 
3968672 
96
1680416 
3968672 
97
1680416 
3968672 
98
1680416 
3968672 
99
1680416 
3968672 
100
1680416 
3968672 
101
1680416 
3968672 
102
1680416 
3968672 
103
1680416 
3968672 
104
1680416 
3968672 
105
1680416 
3968672 
106
1680416 
3968672 
107
1680416 
3968672 
108
1680416 
3968672 
109
1680416 
3968672 
110
1680416 
3968672 
111
1680416 
3968672 
112
1680416 
3968672 
113
1680416 
3968672 
114
1680416 
3968672 
115
1680416 
3968672 
116
1680416 
3968672 
117
1680416 
3968672 
118
1680416 
3968672 
119
1680416 
3968672 
120
1680416 
3968672 
121
1680416 
3968672 
122
1680416 
3968672 
123
1680416 
3968672 
124
1680416 
3968672 
125
1680416 
3968672 
126
1680416 
3968672 
127
1680416 
3968672 
128
1680416 
3968672 
129
1680416 
3968672 
130
1680416 
3968672 
131
1680416 
3968672 
132
1680416 
3968672 
133
1680416 
3968672 
134
1680416 
3968672 
135
1680416 
3968672 
136
1680416 
3968672 
137
1680416 
3968672 
138
1680416 
3968672 
139
1680416 
3968672 
140
1680416 
3968672 
141
1680416 
3968672 
142
1680416 
3968672 
143
1680416 
3968672 
144
1680416 
3968672 
145
1680416 
3968672 
146
1680416 
3968672 
147
1680416 
3968672 
148
1680416 
3968672 
149
1680416 
3968672 
150
1680416 
3968672 
151
1680416 
3968672 
152
1680416 
3968672 
153
1680416 
3968672 
154
1680416 
3968672 
155
1680416 
3968672 
156
1680416 
3968672 
157
1680416 
3968672 
158
1680416 
3968672 
159
1680416 
3968672 
160
1680416 
3968672 
161
1680416 
3968672 
162
1680416 
3968672 
163
1680416 
3968672 
164
1680416 
3968672 
165
1680416 
3968672 
166
1680416 
3968672 
167
1680416 
3968672 
168
1680416 
3968672 
169
1680416 
3968672 
170
1680416 
3968672 
171
1680416 
3968672 
172
1680416 
3968672 
173
1680416 
3968672 
174
1680416 
3968672 
175
1680416 
3968672 
176
1664763 
3968672 
177
1664763 
3968672 
178
1664763 
3968672 
179
1664763 
3968672 
180
1664763 
3968672 
181
1664763 
3968672 
182
1664763 
3968672 
183
1664763 
3968672 
184
1664763 
3968672 
185
1664763 
3968672 
186
1664763 
3968672 
187
1664763 
3968672 
188
1664763 
3968672 
189
1664763 
3968672 
190
1664763 
3968672 
191
1664763 
3968672 
192
1664763 
3968672 
193
1664763 
3968672 
194
1664763 
3968672 
195
1664763 
3968672 
196
1664763 
3968672 
197
1664763 
3968672 
198
1664763 
3968672 
199
1664763 
3968672 
200
1664763 
3968672 
201
1664763 
3968672 
202
1664763 
3968672 
203
1664763 
3968672 
204
1664763 
3968672 
205
1664763 
3968672 
206
1664763 
3968672 
207
1664763 
3968672 
208
1664763 
3968672 
209
1664763 
3968672 
210
1664763 
3968672 
211
1664763 
3968672 
212
1664763 
3968672 
213
1664763 
3968672 
214
1664763 
3968672 
215
1664763 
3968672 
216
1664763 
3968672 
217
1664763 
3968672 
218
1664763 
3968672 
219
1664763 
3968672 
220
1664763 
3968672 
221
1664763 
3968672 
222
1664763 
3968672 
223
1664763 
3968672 
224
1664763 
3968672 
225
1664763 
3968672 
226
1664763 
3968672 
227
1664763 
3968672 
228
1664763 
3968672 
229
1664763 
3968672 
230
1664763 
3968672 
231
1664763 
3968672 
232
1664763 
3968672 
233
1664763 
3968672 
234
1664763 
3968672 
235
1664763 
3968672 
236
1664763 
3968672 
237
1664763 
3968672 
238
1664763 
3968672 
239
1664763 
3552685 
240
1664763 
3552685 
241
1664763 
3552685 
242
1664763 
3552685 
243
1664763 
3552685 
244
1664763 
3552685 
245
1664763 
3552685 
246
1664763 
3552685 
247
1664763 
3552685 
248
1664763 
3552685 
249
1664763 
3552685 
250
1664763 
3552685 
251
1664763 
3552685 
252
1664763 
3552685 
253
1664763 
3552685 
254
1664763 
3552685 
255
1664763 
3552685 
256
1664763 
3552685 
257
1664763 
3552685 
258
1664763 
3552685 
259
1664763 
3552685 
260
1664763 
3552685 
261
1664763 
3552685 
262
1664763 
3552685 
263
1664763 
3552685 
264
1664763 
3552685 
265
1664763 
3552685 
266
1664763 
3552685 
267
1664763 
3552685 
268
1664763 
3552685 
269
1664763 
3552685 
270
1664763 
3552685 
271
1664763 
3552685 
272
1664763 
3552685 
273
1664763 
3552685 
274
1664763 
3552685 
275
1664763 
3552685 
276
1664763 
3552685 
277
1664763 
3552685 
278
1664763 
3552685 
279
1664763 
3552685 
280
1664763 
3552685 
281
1664763 
3552685 
282
1664763 
3552685 
283
1664763 
3552685 
284
1664763 
3552685 
285
1664763 
3552685 
286
1664763 
3552685 
287
1664763 
3552685 
288
1664763 
3552685 
289
1664763 
3552685 
290
1664763 
3552685 
291
1664763 
3552685 
292
1664763 
3552685 
293
1664763 
3552685 
294
1664763 
3552685 
295
1664763 
3552685 
296
1664763 
3552685 
297
1664763 
3552685 
298
1664763 
3552685 
299
1664763 
3552685 
300
1664763 
3552685 
301
1664763 
3552685 
302
1664763 
3552685 
303
1664763 
3552685 
304
1664763 
3552685 
305
1664763 
3552685 
306
1664763 
3552685 
307
1664763 
3552685 
308
1664763 
3552685 
309
1664763 
3552685 
310
1664763 
3552685 
311
1664763 
3552685 
312
1664763 
3552685 
313
1664763 
3552685 
314
1664763 
3552685 
315
1664763 
3552685 
316
1664763 
3552685 
317
1664763 
3552685 
318
1664763 
3552685 
319
1664763 
3552685 
320
1664763 
3552685 
321
1664763 
3552685 
322
1664763 
3552685 
323
1664763 
3552685 
324
1664763 
3552685 
325
1664763 
3552685 
326
1664763 
3552685 
327
1664763 
3552685 
328
1664763 
3552685 
329
1664763 
3552685 
330
1664763 
3552685 
331
1664763 
3552685 
332
1664763 
3552685 
333
1664763 
3552685 
334
1664763 
3552685 
335
1664763 
3552685 
336
1664763 
3552685 
337
1664763 
3552685 
338
1664763 
3552685 
339
1664763 
3552685 
340
1664763 
3552685 
341
1664763 
3552685 
342
1664763 
3552685 
343
1664763 
3552685 
344
1664763 
3552685 
345
1664763 
3552685 
346
1664763 
3552685 
347
1664763 
3552685 
348
1664763 
3552685 
349
1664763 
3552685 
350
1664763 
3552685 
351
1664763 
3552685 
352
1664763 
3552685 
353
1664763 
3552685 
354
1664763 
3552685 
355
1664763 
3552685 
356
1664763 
3552685 
357
1664763 
3552685 
358
1664763 
3552685 
359
1664763 
3552685 
360
1664763 
3552685 
361
1664763 
3552685 
362
1664763 
3552685 
363
1664763 
3552685 
364
1664763 
3552685 
365
1664763 
3552685 
366
1664763 
3552685 
367
1664763 
3552685 
368
1664763 
3552685 
369
1664763 
3552685 
370
1664763 
3552685 
371
1664763 
3552685 
372
1664763 
3552685 
373
1664763 
3552685 
374
1664763 
3552685 
375
1664763 
3552685 
376
1664763 
3552685 
377
1664763 
3552685 
378
1664763 
3552685 
379
1664763 
3552685 
380
1664763 
3552685 
381
1664763 
3552685 
382
1664763 
3552685 
383
1664763 
3552685 
384
1664763 
3552685 
385
1664763 
3552685 
386
1664763 
3552685 
387
1664763 
3552685 
388
1664763 
3552685 
389
1664763 
3552685 
390
1664763 
3552685 
391
1664763 
3552685 
392
1648463 
3552685 
393
1648463 
3552685 
394
1648463 
3552685 
395
1648463 
3552685 
396
1648463 
3552685 
397
1648463 
3552685 
398
1648463 
3552685 
399
1648463 
3552685 
400
1648463 
3552685 
401
1648463 
3552685 
402
1648463 
3552685 
403
1648463 
3552685 
404
1648463 
3552685 
405
1648463 
3552685 
406
1648463 
3552685 
407
1648463 
3552685 
408
1648463 
3552685 
409
1648463 
3552685 
410
1648463 
3552685 
411
1648463 
3552685 
412
1648463 
3552685 
413
1648463 
3552685 
414
1648463 
3552685 
415
1648463 
3552685 
416
1648463 
3552685 
417
1648463 
3552685 
418
1648463 
3552685 
419
1648463 
3552685 
420
1648463 
3552685 
421
1648463 
3552685 
422
1648463 
3552685 
423
1648463 
3552685 
424
1648463 
3552685 
425
1648463 
3552685 
426
1648463 
3552685 
427
1648463 
3552685 
428
1648463 
3552685 
429
1648463 
3552685 
430
1648463 
3552685 
431
1648463 
3552685 
432
1648463 
3552685 
433
1648463 
3552685 
434
1648463 
3552685 
435
1648463 
3552685 
436
1648463 
3552685 
437
1648463 
3552685 
438
1648463 
3552685 
439
1648463 
3552685 
440
1648463 
3552685 
441
1648463 
3552685 
442
1648463 
3552685 
443
1648463 
3552685 
444
1648463 
3552685 
445
1648463 
3552685 
446
1648463 
3552685 
447
1648463 
3552685 
448
1648463 
3552685 
449
1648463 
3552685 
450
1648463 
3552685 
451
1648463 
3552685 
452
1648463 
3552685 
453
1648463 
3552685 
454
1648463 
3552685 
455
1648463 
3552685 
456
1648463 
3552685 
457
1648463 
3552685 
458
1648463 
3552685 
459
1648463 
3552685 
460
1648463 
3552685 
461
1648463 
3552685 
462
1648463 
3552685 
463
1648463 
3552685 
464
1648463 
3552685 
465
1648463 
3552685 
466
1648463 
3552685 
467
1648463 
3552685 
468
1648463 
3552685 
469
1648463 
3552685 
470
1648463 
3552685 
471
1648463 
3552685 
472
1648463 
3552685 
473
1648463 
3552685 
474
1648463 
3552685 
475
1648463 
3552685 
476
1648463 
3552685 
477
1648463 
3552685 
478
1648463 
3552685 
479
1648463 
3552685 
480
1648463 
3552685 
481
1648463 
3552685 
482
1648463 
3552685 
483
1648463 
3552685 
484
1648463 
3552685 
485
1648463 
3552685 
486
1648463 
3552685 
487
1648463 
3552685 
488
1648463 
3552685 
489
1648463 
3552685 
490
1648463 
3552685 
491
1648463 
3552685 
492
1648463 
3552685 
493
1648463 
3552685 
494
1648463 
3552685 
495
1648463 
3552685 
496
1648463 
3552685 
497
1648463 
3552685 
498
1648463 
3552685 
499
1648463 
3552685 
500
1648463 
3552685 
501
1648463 
3552685 
502
1648463 
3552685 
503
1648463 
3552685 
504
1648463 
3552685 
505
1648463 
3552685 
506
1648463 
3552685 
507
1648463 
3552685 
508
1648463 
3552685 
509
1648463 
3552685 
510
1648463 
3552685 
511
1648463 
3552685 
512
1648463 
3552685 
513
1648463 
3552685 
514
1648463 
3552685 
515
1648463 
3552685 
516
1648463 
3552685 
517
1648463 
3552685 
518
1648463 
3552685 
519
1648463 
3552685 
520
1648463 
3552685 
521
1648463 
3552685 
522
1648463 
3552685 
523
1648463 
3552685 
524
1648463 
3552685 
525
1648463 
3552685 
526
1648463 
3552685 
527
1648463 
3552685 
528
1648463 
3552685 
529
1648463 
3552685 
530
1648463 
3552685 
531
1648463 
3552685 
532
1648463 
3552685 
533
1648463 
3552685 
534
1648463 
3552685 
535
1648463 
3552685 
536
1648463 
3552685 
537
1648463 
3552685 
538
1648463 
3552685 
539
1648463 
3552685 
540
1648463 
3552685 
541
1648463 
3552685 
542
1648463 
3552685 
543
1648463 
3552685 
544
1648463 
3552685 
545
1648463 
3552685 
546
1648463 
3552685 
547
1648463 
3552685 
548
1648463 
3552685 
549
1648463 
3552685 
550
1648463 
3552685 
551
1648463 
3552685 
552
1648463 
3552685 
553
1648463 
3552685 
554
1648463 
3552685 
555
1648463 
3552685 
556
1648463 
3552685 
557
1648463 
3552685 
558
1648463 
3552685 
559
1648463 
3552685 
560
1648463 
3552685 
561
1648463 
3552685 
562
1648463 
3552685 
563
1648463 
3552685 
564
1648463 
3552685 
565
1648463 
3552685 
566
1648463 
3552685 
567
1648463 
3552685 
568
1648463 
3552685 
569
1648463 
3552685 
570
1648463 
3552685 
571
1648463 
3552685 
572
1648463 
3552685 
573
1648463 
3552685 
574
1648463 
3552685 
575
1648463 
3552685 
576
1648463 
3552685 
577
1648463 
3552685 
578
1648463 
3552685 
579
1648463 
3552685 
580
1648463 
3552685 
581
1648463 
3552685 
582
1648463 
3552685 
583
1648463 
3552685 
584
1648463 
3552685 
585
1648463 
3552685 
586
1648463 
3552685 
587
1648463 
3552685 
588
1648463 
3552685 
589
1648463 
3552685 
590
1648463 
3552685 
591
1648463 
3552685 
592
1648463 
3552685 
593
1648463 
3552685 
594
1648463 
3552685 
595
1648463 
3552685 
596
1648463 
3552685 
597
1648463 
3552685 
598
1648463 
3552685 
599
1648463 
3552685 
600
1648463 
3552685 
601
1648463 
3552685 
602
1648463 
3552685 
603
1648463 
3552685 
604
1648463 
3552685 
605
1648463 
3552685 
606
1648463 
3552685 
607
1648463 
3552685 
608
1648463 
3552685 
609
1648463 
3552685 
610
1648463 
3552685 
611
1648463 
3552685 
612
1648463 
3552685 
613
1648463 
3552685 
614
1648463 
3552685 
615
1648463 
3552685 
616
1648463 
3552685 
617
1648463 
3552685 
618
1648463 
3552685 
619
1648463 
3552685 
620
1648463 
3552685 
621
1648463 
3552685 
622
1648463 
3552685 
623
1648463 
3552685 
624
1648463 
3552685 
625
1648463 
3552685 
626
1648463 
3552685 
627
1648463 
3552685 
628
1648463 
3552685 
629
1648463 
3552685 
630
1648463 
3552685 
631
1648463 
3552685 
632
1648463 
3552685 
633
1648463 
3552685 
634
1648463 
3552685 
635
1648463 
3552685 
636
1648463 
3552685 
637
1648463 
3552685 
638
1648463 
3552685 
639
1648463 
3552685 
640
1648463 
3552685 
641
1648463 
3552685 
642
1648463 
3552685 
643
1648463 
3552685 
644
1648463 
3552685 
645
1648463 
3552685 
646
1648463 
3552685 
647
1648463 
3552685 
648
1648463 
3552685 
649
1648463 
3552685 
650
1648463 
3552685 
651
1648463 
3552685 
652
1648463 
3552685 
653
1648463 
3552685 
654
1648463 
3552685 
655
1648463 
3552685 
656
1648463 
3552685 
657
1648463 
3552685 
658
1648463 
3552685 
659
1648463 
3552685 
660
1648463 
3552685 
661
1648463 
3552685 
662
1648463 
3552685 
663
1648463 
3552685 
664
1648463 
3552685 
665
1648463 
3552685 
666
1648463 
3552685 
667
1648463 
3552685 
668
1648463 
3552685 
669
1648463 
3552685 
670
1648463 
3552685 
671
1648463 
3552685 
672
1648463 
3552685 
673
1648463 
3552685 
674
1648463 
3552685 
675
1648463 
3552685 
676
1648463 
3552685 
677
1648463 
3552685 
678
1648463 
3552685 
679
1648463 
3552685 
680
1648463 
3552685 
681
1648463 
3552685 
682
1648463 
3552685 
683
1648463 
3552685 
684
1648463 
3552685 
685
1648463 
3552685 
686
1648463 
3552685 
687
1648463 
3552685 
688
1648463 
3552685 
689
1648463 
3552685 
690
1648463 
3552685 
691
1648463 
3552685 
692
1648463 
3552685 
693
1648463 
3552685 
694
1648463 
3552685 
695
1648463 
3552685 
696
1648463 
3552685 
697
1648463 
3552685 
698
1648463 
3552685 
699
1648463 
3552685 
700
1648463 
3552685 
701
1648463 
3552685 
702
1648463 
3552685 
703
1648463 
3552685 
704
1648463 
3552685 
705
1648463 
3552685 
706
1648463 
3552685 
707
1648463 
3552685 
708
1648463 
3552685 
709
1648463 
3552685 
710
1648463 
3552685 
711
1648463 
3552685 
712
1648463 
3552685 
713
1648463 
3552685 
714
1648463 
3552685 
715
1648463 
3552685 
716
1648463 
3552685 
717
1648463 
3552685 
718
1648463 
3552685 
719
1648463 
3552685 
720
1648463 
3552685 
721
1648463 
3552685 
722
1648463 
3552685 
723
1648463 
3552685 
724
1648463 
3552685 
725
1648463 
3552685 
726
1648463 
3552685 
727
1648463 
3552685 
728
1648463 
3552685 
729
1648463 
3552685 
730
1648463 
3552685 
731
1648463 
3552685 
732
1648463 
3552685 
733
1648463 
3552685 
734
1648463 
3552685 
735
1648463 
3552685 
736
1648463 
3552685 
737
1648463 
3552685 
738
1648463 
3552685 
739
1648463 
3552685 
740
1648463 
3552685 
741
1648463 
3552685 
742
1648463 
3552685 
743
1648463 
3552685 
744
1648463 
3552685 
745
1648463 
3552685 
746
1648463 
3552685 
747
1648463 
3552685 
748
1648463 
3552685 
749
1648463 
3552685 
750
1648463 
3552685 
751
1648463 
3552685 
752
1648463 
3552685 
753
1648463 
3552685 
754
1648463 
3552685 
755
1648463 
3552685 
756
1648463 
3552685 
757
1648463 
3552685 
758
1648463 
3552685 
759
1648463 
3552685 
760
1648463 
3552685 
761
1648463 
3552685 
762
1648463 
3552685 
763
1648463 
3552685 
764
1648463 
3552685 
765
1648463 
3552685 
766
1648463 
3552685 
767
1648463 
3552685 
768
1648463 
3552685 
769
1648463 
3552685 
770
1648463 
3552685 
771
1648463 
3552685 
772
1648463 
3552685 
773
1648463 
3552685 
774
1648463 
3552685 
775
1648463 
3552685 
776
1648463 
3552685 
777
1648463 
3552685 
778
1648463 
3552685 
779
1648463 
3552685 
780
1648463 
3552685 
781
1648463 
3552685 
782
1648463 
3552685 
783
1648463 
3552685 
784
1648463 
3552685 
785
1648463 
3552685 
786
1648463 
3552685 
787
1648463 
3552685 
788
1648463 
3552685 
789
1648463 
3552685 
790
1648463 
3552685 
791
1648463 
3552685 
792
1648463 
3552685 
793
1648463 
3552685 
794
1648463 
3552685 
795
1648463 
3552685 
796
1648463 
3552685 
797
1648463 
3552685 
798
1648463 
3552685 
799
1648463 
3552685 
800
1648463 
3552685 
801
1648463 
3552685 
802
1648463 
3552685 
803
1648463 
3552685 
804
1648463 
3552685 
805
1648463 
3552685 
806
1648463 
3552685 
807
1648463 
3552685 
808
1648463 
3552685 
809
1648463 
3552685 
810
1648463 
3552685 
811
1648463 
3552685 
812
1648463 
3552685 
813
1648463 
3552685 
814
1648463 
3552685 
815
1648463 
3552685 
816
1648463 
3552685 
817
1648463 
3552685 
818
1648463 
3552685 
819
1648463 
3552685 
820
1648463 
3552685 
821
1648463 
3552685 
822
1648463 
3552685 
823
1648463 
3552685 
824
1648463 
3552685 
825
1648463 
3552685 
826
1648463 
3552685 
827
1648463 
3552685 
828
1648463 
3552685 
829
1648463 
3552685 
830
1648463 
3552685 
831
1648463 
3552685 
832
1648463 
3552685 
833
1648463 
3552685 
834
1648463 
3552685 
835
1648463 
3552685 
836
1648463 
3552685 
837
1648463 
3552685 
838
1648463 
3552685 
839
1648463 
3552685 
840
1648463 
3552685 
841
1648463 
3552685 
842
1648463 
3552685 
843
1648463 
3552685 
844
1648463 
3552685 
845
1648463 
3552685 
846
1648463 
3552685 
847
1648463 
3552685 
848
1648463 
3552685 
849
1648463 
3552685 
850
1648463 
3552685 
851
1648463 
3552685 
852
1648463 
3552685 
853
1648463 
3552685 
854
1648463 
3552685 
855
1648463 
3552685 
856
1648463 
3552685 
857
1648463 
3552685 
858
1648463 
3552685 
859
1648463 
3552685 
860
1648463 
3552685 
861
1648463 
3552685 
862
1648463 
3552685 
863
1648463 
3552685 
864
1648463 
3552685 
865
1648463 
3552685 
866
1648463 
3552685 
867
1648463 
3552685 
868
1648463 
3552685 
869
1648463 
3552685 
870
1648463 
3552685 
871
1648463 
3552685 
872
1648463 
3552685 
873
1648463 
3552685 
874
1648463 
3552685 
875
1648463 
3552685 
876
1648463 
3552685 
877
1648463 
3552685 
878
1648463 
3552685 
879
1648463 
3552685 
880
1648463 
3552685 
881
1648463 
3552685 
882
1648463 
3552685 
883
1648463 
3552685 
884
1648463 
3552685 
885
1648463 
3552685 
886
1648463 
3552685 
887
1648463 
3552685 
888
1648463 
3552685 
889
1648463 
3552685 
890
1648463 
3552685 
891
1648463 
3552685 
892
1648463 
3552685 
893
1648463 
3552685 
894
1648463 
3552685 
895
1648463 
3552685 
896
1648463 
3552685 
897
1648463 
3552685 
898
1648463 
3552685 
899
1648463 
3552685 
900
1648463 
3552685 
901
1648463 
3552685 
902
1648463 
3552685 
903
1648463 
3552685 
904
1648463 
3552685 
905
1648463 
3552685 
906
1648463 
3552685 
907
1648463 
3552685 
908
1648463 
3552685 
909
1648463 
3552685 
910
1648463 
3552685 
911
1648463 
3552685 
912
1648463 
3552685 
913
1648463 
3552685 
914
1648463 
3552685 
915
1648463 
3552685 
916
1648463 
3552685 
917
1648463 
3552685 
918
1648463 
3552685 
919
1648463 
3552685 
920
1648463 
3552685 
921
1648463 
3552685 
922
1648463 
3552685 
923
1648463 
3552685 
924
1648463 
3552685 
925
1648463 
3552685 
926
1648463 
3552685 
927
1648463 
3552685 
928
1648463 
3552685 
929
1648463 
3552685 
930
1648463 
3552685 
931
1648463 
3552685 
932
1648463 
3552685 
933
1648463 
3552685 
934
1648463 
3552685 
935
1648463 
3552685 
936
1648463 
3552685 
937
1648463 
3552685 
938
1648463 
3552685 
939
1648463 
3552685 
940
1648463 
3552685 
941
1648463 
3552685 
942
1648463 
3552685 
943
1648463 
3552685 
944
1648463 
3552685 
945
1648463 
3552685 
946
1648463 
3552685 
947
1648463 
3552685 
948
1648463 
3552685 
949
1648463 
3552685 
950
1648463 
3552685 
951
1648463 
3552685 
952
1648463 
3552685 
953
1648463 
3552685 
954
1648463 
3552685 
955
1648463 
3552685 
956
1648463 
3552685 
957
1648463 
3552685 
958
1648463 
3552685 
959
1648463 
3552685 
960
1648463 
3552685 
961
1648463 
3552685 
962
1648463 
3552685 
963
1648463 
3552685 
964
1648463 
3552685 
965
1648463 
3552685 
966
1648463 
3552685 
967
1648463 
3552685 
968
1648463 
3552685 
969
1648463 
3552685 
970
1648463 
3552685 
971
1648463 
3552685 
972
1648463 
3552685 
973
1648463 
3552685 
974
1648463 
3552685 
975
1648463 
3552685 
976
1648463 
3552685 
977
1648463 
3552685 
978
1648463 
3552685 
979
1648463 
3552685 
980
1648463 
3552685 
981
1648463 
3552685 
982
1648463 
3552685 
983
1648463 
3552685 
984
1648463 
3552685 
985
1648463 
3552685 
986
1648463 
3552685 
987
1648463 
3552685 
988
1648463 
3552685 
989
1648463 
3552685 
990
1648463 
3552685 
991
1648463 
3552685 
992
1648463 
3552685 
993
1648463 
3552685 
994
1648463 
3552685 
995
1648463 
3552685 
996
1648463 
3552685 
997
1648463 
3552685 
998
1648463 
3552685 
999
1648463 
3552685 
1000
1648463 
3552685 
1001
1648463 
3552685 
1002
1648463 
3552685 
1003
1648463 
3552685 
1004
1648463 
3552685 
1005
1648463 
3552685 
1006
1648463 
3552685 
1007
1648463 
3552685 
1008
1648463 
3552685 
1009
1648463 
3552685 
1010
1648463 
3552685 
1011
1648463 
3552685 
1012
1648463 
3552685 
1013
1648463 
3552685 
1014
1648463 
3552685 
1015
1648463 
3552685 
1016
1648463 
3552685 
1017
1648463 
3552685 
1018
1648463 
3552685 
1019
1648463 
3552685 
1020
1648463 
3552685 
1021
1648463 
3552685 
1022
1648463 
3552685 
1023
1648463 
3552685 
1024
1648463 
3552685 
1025
1648463 
3552685 
1026
1648463 
3552685 
1027
1648463 
3552685 
1028
1648463 
3552685 
1029
1648463 
3552685 
1030
1648463 
3552685 
1031
1648463 
3552685 
1032
1648463 
3552685 
1033
1648463 
3552685 
1034
1648463 
3552685 
1035
1648463 
3552685 
1036
1648463 
3552685 
1037
1648463 
3552685 
1038
1648463 
3552685 
1039
1648463 
3552685 
1040
1648463 
3552685 
1041
1648463 
3552685 
1042
1648463 
3552685 
1043
1648463 
3552685 
1044
1648463 
3552685 
1045
1648463 
3552685 
1046
1648463 
3552685 
1047
1648463 
3552685 
1048
1648463 
3552685 
1049
1648463 
3552685 
1050
1648463 
3552685 
1051
1648463 
3552685 
1052
1648463 
3552685 
1053
1648463 
3552685 
1054
1648463 
3552685 
1055
1648463 
3552685 
1056
1648463 
3552685 
1057
1648463 
3552685 
1058
1648463 
3552685 
1059
1648463 
3552685 
1060
1648463 
3552685 
1061
1648463 
3552685 
1062
1648463 
3552685 
1063
1648463 
3552685 
1064
1648463 
3552685 
1065
1648463 
3552685 
1066
1648463 
3552685 
1067
1648463 
3552685 
1068
1648463 
3552685 
1069
1648463 
3552685 
1070
1648463 
3552685 
1071
1648463 
3552685 
1072
1648463 
3552685 
1073
1648463 
3552685 
1074
1648463 
3552685 
1075
1648463 
3552685 
1076
1648463 
3552685 
1077
1648463 
3552685 
1078
1648463 
3552685 
1079
1648463 
3552685 
1080
1648463 
3552685 
1081
1648463 
3552685 
1082
1648463 
3552685 
1083
1648463 
3552685 
1084
1648463 
3552685 
1085
1648463 
3552685 
1086
1648463 
3552685 
1087
1648463 
3552685 
1088
1648463 
3552685 
1089
1648463 
3552685 
1090
1648463 
3552685 
1091
1648463 
3552685 
1092
1648463 
3552685 
1093
1648463 
3552685 
1094
1648463 
3552685 
1095
1648463 
3552685 
1096
1648463 
3552685 
1097
1648463 
3552685 
1098
1648463 
3552685 
1099
1648463 
3552685 
1100
1648463 
3552685 
1101
1648463 
3552685 
1102
1648463 
3552685 
1103
1648463 
3552685 
1104
1648463 
3552685 
1105
1648463 
3552685 
1106
1648463 
3552685 
1107
1648463 
3552685 
1108
1648463 
3552685 
1109
1648463 
3552685 
1110
1648463 
3552685 
1111
1648463 
3552685 
1112
1648463 
3552685 
1113
1648463 
3552685 
1114
1648463 
3552685 
1115
1648463 
3552685 
1116
1648463 
3552685 
1117
1648463 
3552685 
1118
1648463 
3552685 
1119
1648463 
3552685 
1120
1648463 
3552685 
1121
1648463 
3552685 
1122
1648463 
3552685 
1123
1648463 
3552685 
1124
1648463 
3552685 
1125
1648463 
3552685 
1126
1648463 
3552685 
1127
1648463 
3552685 
1128
1648463 
3552685 
1129
1648463 
3552685 
1130
1648463 
3552685 
1131
1648463 
3552685 
1132
1648463 
3552685 
1133
1648463 
3552685 
1134
1648463 
3552685 
1135
1648463 
3552685 
1136
1648463 
3552685 
1137
1648463 
3552685 
1138
1648463 
3552685 
1139
1648463 
3552685 
1140
1648463 
3552685 
1141
1648463 
3552685 
1142
1648463 
3552685 
1143
1648463 
3552685 
1144
1648463 
3552685 
1145
1648463 
3552685 
1146
1648463 
3552685 
1147
1648463 
3552685 
1148
1648463 
3552685 
1149
1648463 
3552685 
1150
1648463 
3552685 
1151
1648463 
3552685 
1152
1648463 
3552685 
1153
1648463 
3552685 
1154
1648463 
3552685 
1155
1648463 
3552685 
1156
1648463 
3552685 
1157
1648463 
3552685 
1158
1648463 
3552685 
1159
1648463 
3552685 
1160
1648463 
3552685 
1161
1648463 
3552685 
1162
1648463 
3552685 
1163
1648463 
3552685 
1164
1648463 
3552685 
1165
1648463 
3552685 
1166
1648463 
3552685 
1167
1648463 
3552685 
1168
1648463 
3552685 
1169
1648463 
3552685 
1170
1648463 
3552685 
1171
1648463 
3552685 
1172
1648463 
3552685 
1173
1648463 
3552685 
1174
1648463 
3552685 
1175
1648463 
3552685 
1176
1648463 
3552685 
1177
1648463 
3552685 
1178
1648463 
3552685 
1179
1648463 
3552685 
1180
1648463 
3552685 
1181
1648463 
3552685 
1182
1648463 
3552685 
1183
1648463 
3552685 
1184
1648463 
3552685 
1185
1648463 
3552685 
1186
1648463 
3552685 
1187
1648463 
3552685 
1188
1648463 
3552685 
1189
1648463 
3552685 
1190
1648463 
3552685 
1191
1648463 
3552685 
1192
1648463 
3552685 
1193
1648463 
3552685 
1194
1648463 
3552685 
1195
1648463 
3552685 
1196
1648463 
3552685 
1197
1648463 
3552685 
1198
1648463 
3552685 
1199
1648463 
3552685 
1200
1648463 
3552685 
1201
1648463 
3552685 
1202
1648463 
3552685 
1203
1648463 
3552685 
1204
1648463 
3552685 
1205
1648463 
3552685 
1206
1648463 
3552685 
1207
1648463 
3552685 
1208
1648463 
3552685 
1209
1648463 
3552685 
1210
1648463 
3552685 
1211
1648463 
3552685 
1212
1648463 
3552685 
1213
1648463 
3552685 
1214
1648463 
3552685 
1215
1648463 
3552685 
1216
1648463 
3552685 
1217
1648463 
3552685 
1218
1648463 
3552685 
1219
1648463 
3552685 
1220
1648463 
3552685 
1221
1648463 
3552685 
1222
1648463 
3552685 
1223
1648463 
3552685 
1224
1648463 
3552685 
1225
1648463 
3552685 
1226
1648463 
3552685 
1227
1648463 
3552685 
1228
1648463 
3552685 
1229
1648463 
3552685 
1230
1648463 
3552685 
1231
1648463 
3552685 
1232
1648463 
3552685 
1233
1648463 
3552685 
1234
1648463 
3552685 
1235
1648463 
3552685 
1236
1648463 
3552685 
1237
1648463 
3552685 
1238
1648463 
3552685 
1239
1648463 
3552685 
1240
1648463 
3552685 
1241
1648463 
3552685 
1242
1648463 
3552685 
1243
1648463 
3552685 
1244
1648463 
3552685 
1245
1648463 
3552685 
1246
1648463 
3552685 
1247
1648463 
3552685 
1248
1648463 
3552685 
1249
1648463 
3552685 
1250
1648463 
3552685 
1251
1648463 
3552685 
1252
1648463 
3552685 
1253
1648463 
3552685 
1254
1648463 
3552685 
1255
1648463 
3552685 
1256
1648463 
3552685 
1257
1648463 
3552685 
1258
1648463 
3552685 
1259
1648463 
3552685 
1260
1648463 
3552685 
1261
1648463 
3552685 
1262
1648463 
3552685 
1263
1648463 
3552685 
1264
1648463 
3552685 
1265
1648463 
3552685 
1266
1648463 
3552685 
1267
1648463 
3552685 
1268
1648463 
3552685 
1269
1648463 
3552685 
1270
1648463 
3552685 
1271
1648463 
3552685 
1272
1648463 
3552685 
1273
1648463 
3552685 
1274
1648463 
3552685 
1275
1648463 
3552685 
1276
1648463 
3552685 
1277
1648463 
3552685 
1278
1648463 
3552685 
1279
1648463 
3552685 
1280
1648463 
3552685 
1281
1648463 
3552685 
1282
1648463 
3552685 
1283
1648463 
3552685 
1284
1648463 
3552685 
1285
1648463 
3552685 
1286
1648463 
3552685 
1287
1648463 
3552685 
1288
1648463 
3552685 
1289
1648463 
3552685 
1290
1648463 
3552685 
1291
1648463 
3552685 
1292
1648463 
3552685 
1293
1648463 
3552685 
1294
1648463 
3552685 
1295
1648463 
3552685 
1296
1648463 
3552685 
1297
1648463 
3552685 
1298
1648463 
3552685 
1299
1648463 
3552685 
1300
1648463 
3552685 
1301
1648463 
3552685 
1302
1648463 
3552685 
1303
1648463 
3552685 
1304
1648463 
3552685 
1305
1648463 
3552685 
1306
1648463 
3552685 
1307
1648463 
3552685 
1308
1648463 
3552685 
1309
1648463 
3552685 
1310
1648463 
3552685 
1311
1648463 
3552685 
1312
1648463 
3552685 
1313
1648463 
3552685 
1314
1648463 
3552685 
1315
1648463 
3552685 
1316
1648463 
3552685 
1317
1648463 
3552685 
1318
1648463 
3552685 
1319
1648463 
3552685 
1320
1648463 
3552685 
1321
1648463 
3552685 
1322
1648463 
3552685 
1323
1648463 
3552685 
1324
1648463 
3552685 
1325
1648463 
3552685 
1326
1648463 
3552685 
1327
1648463 
3552685 
1328
1648463 
3552685 
1329
1648463 
3552685 
1330
1648463 
3552685 
1331
1648463 
3552685 
1332
1648463 
3552685 
1333
1648463 
3552685 
1334
1648463 
3552685 
