2
24999
3
5381
4
23902
5
16275
6
1045
7
19566
8
42423
9
18469
10
24973
11
28970
12
31948
13
56973
14
43937
15
7967
16
21969
17
9953
18
41953
19
28969
20
7967
21
35971
22
25992
23
27951
24
1959
25
6975
26
93963
27
86962
28
34978
29
39967
30
84950
31
24947
33
89966
33
89965
33
89939
33
89913
33
89887
33
89860
35
82965
35
82965
2
24998
3
5380
4
23901
5
16274
6
1044
7
19565
8
42422
9
18468
10
24972
11
28969
12
31947
13
56972
14
43936
15
7966
16
21968
17
9952
18
41952
19
28968
20
7966
21
35970
22
25991
23
27950
24
1958
25
6974
26
93962
27
86961
28
34977
29
39966
30
84949
31
24946
2
24972
2
24946
2
24919
2
24893
3
5354
4
23874
5
16247
6
1018
7
19539
8
42396
9
18441
10
24946
11
28943
12
31921
13
56947
14
43911
15
7940
16
21942
17
9926
18
41926
19
28943
20
7940
21
35943
22
25964
23
27924
24
1932
25
6948
26
93936
27
86934
28
34951
29
39940
30
84923
31
24920
