2
206838
351608
24999
3
351608
230792
5381
4
230792
311327
23902
5
311327
234057
16275
6
234057
230792
1045
7
230792
179618
19566
8
179618
200307
42423
9
337450
311327
18469
10
386038
359027
24973
11
340036
340036
28970
12
296046
371043
31948
13
371043
365035
56973
14
363050
421042
43937
15
421042
422034
7967
16
338051
330031
21969
17
330031
307043
9953
18
179043
308036
41953
19
308036
376033
28969
20
376033
442044
7967
21
291030
361038
35971
22
252029
238028
25992
23
257045
232046
27951
24
232046
168046
1959
25
168046
160026
6975
26
160026
243043
93963
27
137038
205035
86962
28
205035
276036
34978
29
276036
248033
39967
30
248033
307043
84950
31
250044
129045
24947
33
177032
183040
89966
33
177033
183041
89965
33
177059
183067
89939
33
177085
183093
89913
33
177111
183119
89887
33
177137
183146
89860
35
179043
202031
82965
35
179043
202031
82965
2
206839
351609
24998
3
351609
230793
5380
4
230793
311328
23901
5
311328
234058
16274
6
234058
230793
1044
7
230793
179619
19565
8
179619
200308
42422
9
337451
311328
18468
10
386039
359028
24972
11
340037
340037
28969
12
296047
371044
31947
13
371044
365036
56972
14
363051
421043
43936
15
421043
422035
7966
16
338052
330032
21968
17
330032
307044
9952
18
179044
308037
41952
19
308037
376034
28968
20
376034
442045
7966
21
291031
361039
35970
22
252030
238029
25991
23
257046
232047
27950
24
232047
168047
1958
25
168047
160027
6974
26
160027
243044
93962
27
137039
205036
86961
28
205036
276037
34977
29
276037
248034
39966
30
248034
307044
84949
31
250045
129046
24946
2
206865
351635
24972
2
206891
351661
24946
2
206917
351688
24919
2
206943
351714
24893
3
351635
230819
5354
4
230819
311355
23874
5
311355
234084
16247
6
234084
230819
1018
7
230819
179645
19539
8
179645
200334
42396
9
337477
311355
18441
10
386065
359054
24946
11
340063
340063
28943
12
296073
371070
31921
13
371070
365062
56947
14
363077
421069
43911
15
421069
422061
7940
16
338078
330058
21942
17
330058
307070
9926
18
179070
308063
41926
19
308063
376060
28943
20
376060
442071
7940
21
291057
361066
35943
22
252057
238055
25964
23
257072
232073
27924
24
232073
168073
1932
25
168073
160053
6948
26
160053
243070
93936
27
137066
205062
86934
28
205062
276063
34951
29
276063
248060
39940
30
248060
307070
84923
31
250071
129072
24920
